-1.244201 -0.9030544 0.359188 0.1545 -0.4254492 -0.5619078
-0.4936785 1.348513 0.3933027 0.7003346 -0.6301371 -0.1525319
0.461532 -1.244201 0.1545 -0.7665958 -1.346545 -0.1525319
-0.9712837 0.8026786 1.587316 -0.1525319 0.2909587 -1.38066
1.314398 1.212055 -1.448889 -1.414774 -0.1184172 0.8709079
-0.2889905 1.348513 -0.2548759 -1.278316 0.2227294 0.08627073
1.484972 0.5979906 1.246169 0.4274173 -1.38066 0.2227294
-1.244201 0.7003346 1.484972 -0.3231052 -1.414774 1.041481
-1.210086 0.359188 1.416742 0.1545 0.1886147 0.4956466
1.68966 -1.107742 -1.551233 1.075596 1.519086 -0.2889905
0.9050226 -0.4936785 -0.5960225 -0.4595638 -0.9371691 -0.1184172
0.8367933 -1.039513 1.723774 0.2227294 -0.4595638 0.9391372
1.007367 0.4274173 0.8367933 -1.005398 -0.1525319 -1.005398
-0.9371691 -0.7665958 -0.5619078 -1.210086 -0.8689398 0.6321053
-1.483004 -0.6642518 1.62143 0.256844 -0.4595638 -0.2889905
0.1545 -0.5960225 -0.8689398 -1.073628 -0.1184172 -0.3572199
-1.585348 0.3250733 -1.175972 -1.039513 -1.483004 -0.5619078
1.109711 -0.3572199 -0.8689398 1.075596 1.553201 -0.4936785
0.8709079 -1.005398 -1.517118 1.109711 -1.039513 -0.2548759
-1.414774 -0.1525319 -1.107742 -0.5960225 1.041481 1.757889
-0.4595638 0.2227294 -1.551233 0.1545 1.109711 0.8026786
0.9050226 0.1545 1.587316 0.8367933 -1.346545 1.553201
0.5979906 0.9050226 1.280284 -0.6983665 -0.3572199 -1.244201
1.587316 1.484972 -1.210086 -0.1184172 -0.4595638 -1.38066
-0.1184172 0.8367933 -0.9712837 -0.6983665 -1.005398 0.1203854
-1.483004 -1.483004 -1.278316 -1.585348 1.655545 0.9050226
-0.9712837 1.212055 -1.005398 -1.38066 -0.3913345 -1.278316
0.1886147 0.6321053 0.05215607 0.359188 0.256844 -1.278316
0.05215607 0.2227294 1.519086 -0.3913345 -0.9030544 -1.141857
1.723774 0.7344493 1.519086 -0.2889905 -0.1866466 -0.8689398
1.314398 0.3250733 -1.039513 -1.483004 1.007367 -1.346545
1.416742 -1.585348 0.9732519 -1.31243 1.484972 -1.278316
-1.175972 1.246169 1.075596 -0.7665958 -0.6983665 -1.175972
-1.175972 1.348513 1.348513 1.314398 0.2227294 1.723774
0.8026786 -0.9371691 1.519086 -1.346545 -1.141857 1.041481
0.9050226 -1.141857 -1.585348 -1.448889 1.280284 1.68966
-1.244201 -0.6983665 -0.9371691 -0.2889905 1.382628 -0.5277932
-0.08430257 -0.2548759 0.3933027 0.1203854 1.587316 1.587316
-1.141857 0.05215607 -0.08430257 -0.4254492 1.212055 -0.08430257
-0.7665958 0.3250733 0.2909587 1.655545 -0.08430257 0.8709079
0.7003346 1.075596 -1.483004 -0.2207612 -0.1866466 -1.141857
0.05215607 -1.141857 0.461532 -0.5277932 0.5979906 -0.5619078
1.723774 -0.1184172 -0.7324811 -0.5960225 -1.448889 -1.278316
0.563876 1.280284 -0.2889905 0.461532 -1.619462 -0.2207612
-1.414774 1.109711 -0.1525319 -0.4936785 0.2909587 -0.4936785
0.4956466 -0.7324811 0.8367933 1.007367 0.461532 1.109711
1.143825 0.8026786 -1.210086 1.757889 1.075596 1.17794
1.655545 -0.7665958 1.723774 -0.6301371 -0.3231052 -1.551233
1.382628 1.62143 0.3250733 -0.6642518 -0.2207612 1.348513
-0.9371691 1.075596 1.246169 -0.4936785 0.3250733 1.348513
0.4956466 0.3933027 0.1545 -0.2207612 1.212055 -1.31243
-1.073628 -0.3913345 -0.01607325 1.62143 -1.005398 0.7685639
